七股區
七股      
20
16
22
24
19
37
138
七股區
三股      
8
15
12
15
4
18
72
七股區
大文      
9
4
7
7
11
23
61
七股區
光復      
7
6
3
8
3
5
32
七股區
竹橋      
7
15
5
10
7
8
52
七股區
建功      
5
8
8
2
3
8
34
七股區
後港      
11
12
8
8
6
1
46
七股區
樹林      
4
5
3
3
11
12
38
七股區
篤加      
17
14
12
10
10
8
71
七股區
龍山      
3
7
6
5
3
5
29
下營區
下營      
31
36
50
36
31
46
230
下營區
中營      
27
28
27
29
22
19
152
下營區
甲中      
9
17
10
11
16
16
79
下營區
東興      
82
71
73
44
55
56
381
下營區
賀建      
10
9
5
3
8
4
39
大內區
二溪      
10
4
9
6
5
2
36
大內區
大內      
21
25
34
18
27
42
167
大內區
頭社分校    
3
3
1
3
2
8
20
山上區
山上      
28
24
30
22
24
31
159
中西區
永福      
66
82
115
93
103
121
580
中西區
成功      
44
41
41
30
30
45
231
中西區
協進      
183
165
170
142
145
163
968
中西區
忠義      
134
143
141
135
111
127
791
中西區
南大附小    
168
170
167
163
166
162
996
中西區
進學      
156
161
130
109
105
119
780
仁德區
大甲      
32
32
38
26
30
43
201
仁德區
仁和      
24
17
23
32
18
12
126
仁德區
仁德      
176
184
158
137
133
147
935
仁德區
文賢      
14
21
21
22
16
23
117
仁德區
依仁      
16
15
12
17
10
18
88
仁德區
虎山      
34
22
26
19
19
37
157
仁德區
長興      
51
53
68
48
35
51
306
仁德區
德南      
127
118
116
90
87
106
644
六甲區
六甲      
114
145
156
130
112
138
795
六甲區
林鳳      
12
18
19
11
13
13
86
六甲區
湖東分校    
2
3
1
0
4
3
13
北門區
三慈      
8
6
14
10
9
9
56
北門區
文山      
3
2
6
6
7
10
34
北門區
北門      
4
4
8
4
5
2
27
北門區
玉湖分校    
1
2
3
2
3
1
12
北門區
蚵寮      
8
13
12
10
13
15
71
北門區
錦湖      
3
6
8
5
4
5
31
北門區
雙春      
6
6
4
4
2
6
28
北區
大光      
123
151
127
110
120
141
772
北區
大港      
134
149
142
105
104
144
778
北區
公園      
71
100
77
64
68
88
468
北區
文元      
405
407
424
388
372
400
2396
北區
立人      
178
185
201
169
177
167
1077
北區
開元      
125
126
135
83
93
89
651
北區
賢北      
194
173
178
157
127
164
993
北區
寶仁      
178
177
177
157
145
163
997
左鎮區
左鎮      
8
7
6
9
10
10
50
左鎮區
光榮      
11
7
8
4
8
6
44
永康區
三村      
188
216
207
159
139
178
1087
永康區
大橋      
369
350
339
277
250
242
1827
永康區
大灣      
280
304
295
250
243
270
1642
永康區
五王      
142
185
153
121
116
146
863
永康區
永信      
324
346
396
293
262
320
1941
永康區
永康      
374
440
405
351
342
381
2293
永康區
永康勝利    
151
143
131
106
107
130
768
永康區
永康復興    
86
81
85
65
64
62
443
永康區
西勢      
71
70
70
45
34
42
332
永康區
崑山      
234
261
333
208
222
246
1504
永康區
龍潭      
134
125
133
90
79
120
681
玉井區
玉井      
67
73
63
64
48
93
408
玉井區
層林      
8
11
7
10
5
15
56
白河區
大竹      
4
15
7
3
8
11
48
白河區
內角      
3
4
11
5
4
9
36
白河區
六溪分校    
0
2
3
2
1
0
8
白河區
仙草      
3
7
5
2
4
3
24
白河區
玉豐      
16
17
17
17
16
21
104
白河區
白河      
82
95
100
90
66
97
530
白河區
竹門      
13
8
8
11
13
13
66
白河區
河東      
7
10
6
2
5
6
36
白河區
關嶺分校    
2
1
2
5
1
4
15
安平區
石門      
66
66
88
71
66
69
426
安平區
安平      
165
211
199
198
150
200
1123
安平區
西門      
73
56
57
50
69
68
373
安平區
慈濟      
100
109
112
82
90
121
614
安平區
新南      
108
109
107
111
109
105
649
安平區
漁光分校    
11
7
10
11
16
16
71
安平區
億載      
279
370
321
272
249
272
1763
安定區
安定      
66
62
64
57
41
61
351
安定區
安定南興    
46
60
55
33
35
47
276
安定區
南安      
73
91
89
71
68
91
483
安南區
土城      
44
38
48
36
46
58
270
安南區
安佃      
53
55
53
45
47
50
303
安南區
安順      
245
243
282
199
202
234
1405
安南區
安慶      
223
240
235
182
199
212
1291
安南區
和順      
231
243
255
209
188
228
1354
安南區
長安      
66
66
69
61
68
59
389
安南區
青草      
13
19
11
10
13
10
76
安南區
南興      
11
21
14
14
13
15
88
安南區
海佃      
343
337
372
335
312
311
2010
安南區
海東      
354
401
440
345
278
323
2141
安南區
學東      
11
12
15
9
5
9
61
安南區
鎮海      
14
16
16
11
8
16
81
安南區
顯宮      
7
11
10
6
14
10
58
西港區
西港      
88
91
85
81
85
86
516
西港區
西港成功    
26
24
31
23
19
33
156
西港區
松林      
22
25
20
19
17
16
119
西港區
金砂分校    
1
1
3
2
2
1
10
西港區
後營      
17
17
19
10
9
13
85
西港區
港東      
21
21
23
14
16
21
116
佳里區
子龍      
26
26
24
20
9
14
119
佳里區
仁愛      
102
101
94
100
80
64
541
佳里區
佳里      
188
223
242
174
212
232
1271
佳里區
佳興      
24
34
31
23
22
40
174
佳里區
延平      
16
15
17
17
11
19
95
佳里區
信義      
73
97
85
50
62
76
443
佳里區
通興      
9
8
6
6
3
6
38
佳里區
塭內      
22
27
10
10
8
7
84
官田區
官田      
35
51
38
32
34
27
217
官田區
渡拔      
11
17
17
9
17
20
91
官田區
隆田      
63
55
62
37
45
54
316
官田區
嘉南      
18
12
13
16
8
6
73
東山區
吉貝耍     
6
9
4
5
4
1
29
東山區
東山      
43
41
55
34
29
49
251
東山區
東原      
11
14
13
9
17
16
80
東山區
青山      
13
10
11
16
10
16
76
東山區
聖賢      
2
9
6
5
4
5
31
東區
大同      
55
62
62
39
43
54
315
東區
東光      
190
213
222
216
209
236
1286
東區
崇明      
310
401
377
296
334
377
2095
東區
崇學      
253
288
314
251
248
255
1609
東區
勝利      
277
251
250
249
202
223
1452
東區
博愛      
51
77
67
61
43
37
336
東區
復興      
346
369
386
361
306
403
2171
東區
裕文      
161
172
196
167
169
172
1037
東區
德高      
135
148
126
101
97
120
727
南化區
北寮      
5
5
5
8
5
5
33
南化區
玉山      
1
5
3
5
3
5
22
南化區
西埔      
2
7
3
3
7
12
34
南化區
南化      
11
15
7
10
21
15
79
南化區
瑞峰      
4
3
1
1
2
2
13
南區
日新      
115
136
119
123
99
127
719
南區
永華      
116
161
157
132
113
131
810
南區
志開      
29
32
42
18
13
19
153
南區
省躬      
86
98
108
88
76
120
576
南區
喜樹      
50
68
73
52
48
48
339
南區
新興      
137
144
129
98
106
125
739
南區
龍崗      
17
12
22
12
7
17
87
後壁區
永安      
9
17
23
9
18
16
92
後壁區
安溪      
11
16
12
12
11
9
71
後壁區
後壁      
33
38
39
28
22
37
197
後壁區
菁寮      
10
5
8
3
8
7
41
後壁區
新東      
16
19
16
17
10
11
89
後壁區
新嘉      
8
3
7
1
7
6
32
後壁區
樹人      
13
12
12
12
13
10
72
柳營區
太康      
8
16
16
18
7
13
78
柳營區
果毅      
14
14
16
8
11
13
76
柳營區
柳營      
44
40
52
42
35
35
248
柳營區
重溪      
14
8
12
14
18
10
76
柳營區
新山      
7
9
11
6
9
7
49
將軍區
長平      
6
9
10
6
11
13
55
將軍區
苓和      
11
15
19
9
11
8
73
將軍區
將軍      
9
7
8
8
12
9
53
將軍區
漚汪      
43
44
32
33
29
37
218
將軍區
鯤鯓      
11
9
8
6
10
12
56
麻豆區
大山      
21
13
19
7
14
16
90
麻豆區
文正      
13
20
12
7
7
9
68
麻豆區
北勢      
16
16
16
11
8
8
75
麻豆區
安業      
17
21
27
27
16
11
119
麻豆區
紀安      
7
12
14
8
15
7
63
麻豆區
培文      
97
123
113
98
83
103
617
麻豆區
麻豆      
155
173
176
145
142
165
956
麻豆區
港尾      
7
6
6
4
5
3
31
善化區
大成      
230
243
250
191
184
230
1328
善化區
小新      
109
83
72
58
37
46
405
善化區
茄拔      
20
35
30
24
22
20
151
善化區
善化      
56
90
88
72
75
66
447
善化區
善化大同    
38
24
36
29
18
23
168
善化區
善糖      
13
15
11
19
7
14
79
善化區
陽明      
26
21
18
11
21
17
114
新化區
口埤      
16
13
20
20
21
10
100
新化區
大新      
51
60
59
36
47
41
294
新化區
正新      
108
99
101
87
77
86
558
新化區
那拔      
17
7
15
14
14
17
84
新化區
新化      
170
169
170
116
124
153
902
新市區
大社      
45
49
48
37
38
35
252
新市區
南科實小    
223
231
205
206
196
203
1264
新市區
新市      
281
292
323
227
213
235
1571
新營區
土庫      
6
7
9
12
10
8
52
新營區
公誠      
36
45
43
46
37
43
250
新營區
南梓      
47
36
31
27
21
22
184
新營區
新民      
129
124
120
115
133
140
761
新營區
新生      
2
6
7
7
8
7
37
新營區
新泰      
104
113
124
105
88
92
626
新營區
新進      
161
183
232
144
162
176
1058
新營區
新橋      
3
7
3
2
3
3
21
新營區
新營      
158
191
224
161
163
176
1073
新營區
新營新興    
20
15
20
11
12
9
87
楠西區
楠西      
39
32
53
39
35
42
240
學甲區
中洲      
11
16
15
14
29
13
98
學甲區
宅港      
15
11
16
10
11
10
73
學甲區
東陽      
63
64
80
60
57
76
400
學甲區
頂洲      
16
17
14
13
16
14
90
學甲區
學甲      
60
71
65
73
57
47
373
龍崎區
龍崎      
3
4
7
7
11
7
39
龍崎區
龍船分校    
2
4
1
2
1
5
15
歸仁區
大潭      
24
28
30
22
23
24
151
歸仁區
文化      
187
206
207
174
168
222
1164
歸仁區
保西      
37
40
39
33
19
32
200
歸仁區
紅瓦厝     
144
142
143
124
133
134
820
歸仁區
歸仁      
104
134
112
103
74
96
623
歸仁區
歸南      
112
102
104
75
74
79
546
關廟區
五甲      
128
128
113
94
87
107
657
關廟區
文和      
19
9
14
8
4
11
65
關廟區
保東      
12
10
10
8
10
12
62
關廟區
崇和      
8
10
4
4
5
8
39
關廟區
深坑      
10
16
9
9
14
16
74
關廟區
新光      
4
3
9
4
1
4
25
關廟區
關廟      
52
61
59
46
54
52
324
鹽水區
仁光      
7
9
8
6
6
9
45
鹽水區
文昌      
7
18
8
8
7
7
55
鹽水區
月津      
21
29
27
22
16
15
130
鹽水區
竹埔      
5
6
8
4
3
7
33
鹽水區
岸內      
15
15
10
6
10
9
65
鹽水區
歡雅      
9
13
7
15
13
15
72
鹽水區
鹽水      
71
78
100
85
69
71
474
鹽水區
坔頭港     
5
8
15
9
3
6
46
合計
 
15332
16539
16763
13745
13133
15013
 
