七股區
七股      
19
22
16
23
25
20
125
七股區
三股      
17
7
14
12
14
4
68
七股區
大文      
10
9
4
9
8
13
53
七股區
光復      
5
8
6
4
8
3
34
七股區
竹橋      
13
7
16
5
11
7
59
七股區
建功      
7
5
8
9
2
4
35
七股區
後港      
7
11
14
8
9
6
55
七股區
樹林      
2
4
6
3
4
11
30
七股區
篤加      
15
17
12
12
9
12
77
七股區
龍山      
6
3
7
6
6
3
31
下營區
下營      
43
35
33
53
39
31
234
下營區
中營      
25
28
26
28
28
22
157
下營區
甲中      
8
9
18
9
11
16
71
下營區
東興      
72
84
72
73
50
47
398
下營區
賀建      
6
11
8
5
3
8
41
大內區
二溪      
8
10
4
9
6
5
42
大內區
大內      
29
19
23
33
18
27
149
大內區
頭社分校    
2
4
3
1
3
2
15
山上區
山上      
32
26
25
32
24
24
163
中西區
永福      
92
70
112
118
97
106
595
中西區
成功      
42
44
47
43
30
30
236
中西區
協進      
160
179
162
173
161
126
961
中西區
忠義      
127
135
138
142
136
111
789
中西區
南大附小    
166
169
166
168
163
166
998
中西區
進學      
184
156
167
132
108
102
849
仁德區
大甲      
44
30
32
38
27
31
202
仁德區
仁和      
18
22
19
21
35
18
133
仁德區
仁德      
203
177
182
158
134
135
989
仁德區
文賢      
13
13
20
21
20
15
102
仁德區
依仁      
8
16
14
10
17
10
75
仁德區
虎山      
24
34
14
24
17
19
132
仁德區
長興      
61
53
63
63
47
36
323
仁德區
德南      
135
128
118
115
92
87
675
六甲區
六甲      
114
116
143
158
129
111
771
六甲區
林鳳      
13
12
18
20
9
13
85
六甲區
湖東分校    
2
2
3
1
0
4
12
北門區
三慈      
7
8
6
12
10
8
51
北門區
文山      
3
3
2
6
5
7
26
北門區
北門      
5
4
4
8
4
5
30
北門區
玉湖分校    
1
2
2
2
3
3
13
北門區
蚵寮      
8
8
13
12
10
13
64
北門區
錦湖      
5
3
6
7
5
4
30
北門區
雙春      
1
6
6
5
4
2
24
北區
大光      
142
119
145
126
128
105
765
北區
大港      
124
94
101
117
98
105
639
北區
公園      
89
72
98
72
64
68
463
北區
文元      
401
409
402
421
387
376
2396
北區
立人      
159
174
187
195
167
177
1059
北區
開元      
152
126
128
134
79
92
711
北區
賢北      
162
182
158
171
148
125
946
北區
寶仁      
172
176
173
173
151
143
988
左鎮區
左鎮      
8
8
7
5
8
11
47
左鎮區
光榮      
7
11
6
7
4
9
44
永康區
三村      
193
188
215
210
159
139
1104
永康區
大橋      
329
371
356
355
262
247
1920
永康區
大灣      
281
272
314
285
257
235
1644
永康區
五王      
163
145
188
149
122
116
883
永康區
永信      
364
326
341
394
289
259
1973
永康區
永康      
411
369
443
415
347
341
2326
永康區
永康勝利    
122
153
132
127
105
108
747
永康區
永康復興    
95
83
93
88
60
63
482
永康區
西勢      
93
71
67
71
47
35
384
永康區
崑山      
273
228
265
329
212
220
1527
永康區
龍潭      
126
133
121
132
89
81
682
玉井區
玉井      
60
69
70
64
62
49
374
玉井區
層林      
9
8
11
7
11
5
51
白河區
大竹      
9
6
12
7
3
8
45
白河區
內角      
11
3
4
11
5
4
38
白河區
六溪分校    
1
0
2
3
2
1
9
白河區
仙草      
5
4
8
5
2
4
28
白河區
玉豐      
18
16
17
18
17
16
102
白河區
白河      
79
74
98
99
86
65
501
白河區
竹門      
14
15
9
7
11
13
69
白河區
河東      
9
5
9
6
1
5
35
白河區
關嶺分校    
4
1
1
2
5
1
14
安平區
石門      
72
65
62
85
70
64
418
安平區
安平      
188
163
214
195
191
148
1099
安平區
西門      
49
74
54
57
50
70
354
安平區
慈濟      
115
101
103
115
86
88
608
安平區
新南      
107
108
108
109
114
110
656
安平區
漁光分校    
10
11
10
6
12
14
63
安平區
億載      
324
274
368
325
274
250
1815
安定區
安定      
56
66
64
67
58
43
354
安定區
安定南興    
58
45
61
55
30
33
282
安定區
南安      
75
72
90
84
71
66
458
安南區
九份子     
143
87
106
58
47
0
441
安南區
土城      
64
45
37
48
37
46
277
安南區
安佃      
52
53
54
52
45
46
302
安南區
安順      
285
240
246
285
199
201
1456
安南區
安慶      
227
225
234
230
174
205
1295
安南區
和順      
265
231
243
252
209
190
1390
安南區
長安      
78
67
64
71
62
70
412
安南區
青草      
14
12
19
11
9
13
78
安南區
南興      
19
12
21
12
12
12
88
安南區
海佃      
313
338
330
372
327
309
1989
安南區
海東      
410
355
395
440
336
278
2214
安南區
學東      
11
11
13
14
9
5
63
安南區
鎮海      
11
14
16
16
10
8
75
安南區
顯宮      
9
7
11
10
6
14
57
西港區
西港      
112
88
90
91
87
84
552
西港區
西港成功    
23
25
24
30
22
20
144
西港區
松林      
11
24
26
21
19
18
119
西港區
金砂分校    
1
1
1
3
2
2
10
西港區
後營      
9
16
15
19
10
9
78
西港區
港東      
21
21
21
23
14
17
117
佳里區
子龍      
24
25
28
24
19
9
129
佳里區
仁愛      
115
106
103
98
95
81
598
佳里區
佳里      
204
188
229
234
178
212
1245
佳里區
佳興      
26
24
28
30
23
21
152
佳里區
延平      
14
16
15
17
16
11
89
佳里區
信義      
93
70
97
89
52
63
464
佳里區
通興      
13
8
7
5
6
3
42
佳里區
塭內      
15
20
25
11
11
9
91
官田區
官田      
39
37
46
37
33
32
224
官田區
渡拔      
12
11
17
18
9
17
84
官田區
隆田      
57
65
54
61
38
43
318
官田區
嘉南      
15
17
14
13
18
8
85
東山區
吉貝耍     
5
5
8
4
5
4
31
東山區
東山      
40
43
42
55
35
30
245
東山區
東原      
9
11
14
13
9
16
72
東山區
青山      
11
13
10
11
16
10
71
東山區
聖賢      
7
3
9
7
7
5
38
東區
大同      
51
53
60
65
40
42
311
東區
東光      
185
187
217
220
216
211
1236
東區
崇明      
357
302
408
381
297
332
2077
東區
崇學      
289
254
291
327
258
250
1669
東區
勝利      
290
266
250
247
244
199
1496
東區
博愛      
54
50
72
60
57
41
334
東區
復興      
404
349
373
387
368
307
2188
東區
裕文      
166
166
171
199
170
170
1042
東區
德高      
140
137
148
128
101
98
752
南化區
北寮      
14
4
4
5
7
5
39
南化區
玉山      
3
1
5
3
5
3
20
南化區
西埔      
3
2
6
4
3
7
25
南化區
南化      
15
11
15
7
10
21
79
南化區
瑞峰      
1
4
3
0
1
2
11
南區
日新      
146
117
129
116
127
102
737
南區
永華      
139
116
164
160
135
113
827
南區
志開      
36
29
26
40
18
13
162
南區
省躬      
107
89
96
106
92
78
568
南區
喜樹      
69
49
67
68
53
48
354
南區
新興      
128
136
139
124
98
111
736
南區
龍崗      
20
17
12
22
10
7
88
後壁區
永安      
10
10
16
23
9
18
86
後壁區
安溪      
9
11
14
12
12
12
70
後壁區
後壁      
38
32
36
40
28
20
194
後壁區
菁寮      
6
11
6
9
3
8
43
後壁區
新東      
16
15
16
14
16
9
86
後壁區
新嘉      
3
8
3
7
1
6
28
後壁區
樹人      
9
13
13
13
10
12
70
柳營區
太康      
11
6
15
15
18
6
71
柳營區
果毅      
9
15
14
16
8
11
73
柳營區
柳營      
42
45
43
49
43
35
257
柳營區
重溪      
16
12
8
12
13
19
80
柳營區
新山      
10
8
9
11
6
9
53
將軍區
長平      
7
7
9
9
7
11
50
將軍區
苓和      
10
12
15
18
9
11
75
將軍區
將軍      
6
8
4
9
7
12
46
將軍區
漚汪      
38
42
47
34
32
30
223
將軍區
鯤鯓      
10
11
9
8
6
10
54
麻豆區
大山      
15
20
14
18
7
14
88
麻豆區
文正      
16
10
19
14
7
8
74
麻豆區
北勢      
15
19
16
16
11
6
83
麻豆區
安業      
21
16
21
27
26
17
128
麻豆區
紀安      
14
7
13
14
8
14
70
麻豆區
培文      
103
96
122
121
92
84
618
麻豆區
麻豆      
156
152
184
177
140
142
951
麻豆區
港尾      
8
9
6
7
4
4
38
善化區
大成      
238
234
238
252
190
185
1337
善化區
小新      
170
111
92
75
64
38
550
善化區
茄拔      
30
18
37
29
22
22
158
善化區
善化      
52
57
99
89
61
76
434
善化區
善化大同    
31
38
24
34
27
17
171
善化區
善糖      
15
11
16
11
18
7
78
善化區
陽明      
21
25
19
19
13
20
117
新化區
口埤      
17
18
22
21
17
20
115
新化區
大新      
68
52
60
60
35
47
322
新化區
正新      
88
105
96
102
85
77
553
新化區
那拔      
12
14
7
16
14
12
75
新化區
新化      
135
165
161
167
119
120
867
新市區
大社      
45
44
49
46
37
39
260
新市區
南科實小    
231
230
234
203
204
194
1296
新市區
新市      
280
281
303
315
221
211
1611
新營區
土庫      
5
7
7
8
12
10
49
新營區
公誠      
43
34
50
47
44
36
254
新營區
南梓      
40
49
35
28
25
22
199
新營區
新民      
142
132
127
116
123
127
767
新營區
新生      
4
2
7
7
7
7
34
新營區
新泰      
105
104
107
127
105
87
635
新營區
新進      
171
162
194
229
144
158
1058
新營區
新橋      
4
3
7
3
0
3
20
新營區
新營      
198
159
192
225
158
162
1094
新營區
新營新興    
15
21
16
20
12
12
96
楠西區
楠西      
33
38
32
54
39
37
233
學甲區
中洲      
13
12
16
14
16
30
101
學甲區
宅港      
9
15
9
15
10
11
69
學甲區
東陽      
60
66
66
80
61
57
390
學甲區
頂洲      
7
15
16
14
13
16
81
學甲區
學甲      
74
57
70
73
68
58
400
龍崎區
龍崎      
6
4
5
8
7
11
41
龍崎區
龍船分校    
4
2
2
1
1
1
11
歸仁區
大潭      
31
23
29
31
23
23
160
歸仁區
文化      
209
192
207
208
176
167
1159
歸仁區
保西      
39
37
38
39
32
18
203
歸仁區
紅瓦厝     
143
144
144
142
122
134
829
歸仁區
歸仁      
132
105
131
112
103
74
657
歸仁區
歸南      
128
114
109
102
75
74
602
關廟區
五甲      
129
128
121
117
86
88
669
關廟區
文和      
6
19
9
13
8
4
59
關廟區
保東      
10
13
10
11
9
10
63
關廟區
崇和      
3
8
10
4
5
4
34
關廟區
深坑      
8
10
16
10
9
13
66
關廟區
新光      
4
4
3
8
4
3
26
關廟區
關廟      
59
52
62
59
44
54
330
鹽水區
仁光      
8
8
9
8
6
6
45
鹽水區
文昌      
6
8
18
10
8
7
57
鹽水區
月津      
19
21
29
24
23
16
132
鹽水區
竹埔      
8
5
5
8
4
3
33
鹽水區
岸內      
24
17
16
12
6
10
85
鹽水區
歡雅      
13
9
14
7
15
13
71
鹽水區
鹽水      
86
70
78
93
85
69
481
鹽水區
坔頭港     
6
4
8
15
9
3
45
合計
 
16330
15343
16608
16782
13748
13071
 
