七股區
七股      
13
19
23
16
22
26
119
七股區
三股      
9
18
7
14
12
14
74
七股區
大文      
8
10
9
7
9
9
52
七股區
光復      
6
5
7
4
4
8
34
七股區
竹橋      
17
13
7
12
3
11
63
七股區
建功      
5
7
5
8
9
2
36
七股區
後港      
3
8
11
11
7
8
48
七股區
樹林      
4
2
6
13
4
4
33
七股區
篤加      
10
16
14
14
15
10
79
七股區
龍山      
2
6
3
6
6
6
29
下營區
下營      
44
42
37
36
53
39
251
下營區
中營      
18
25
27
26
28
28
152
下營區
甲中      
16
8
10
16
7
11
68
下營區
東興      
66
72
80
72
81
46
417
下營區
賀建      
0
6
10
6
5
3
30
大內區
二溪      
5
8
11
7
10
6
47
大內區
大內      
17
28
18
24
33
18
138
大內區
頭社分校    
4
2
5
3
1
3
18
山上區
山上      
33
33
28
28
33
23
178
中西區
永福      
103
92
95
114
132
98
634
中西區
成功      
34
41
58
51
46
32
262
中西區
協進      
149
159
170
163
191
141
973
中西區
忠義      
140
128
139
142
143
136
828
中西區
南大附小    
169
167
166
166
166
161
995
中西區
進學      
151
182
158
167
131
107
896
仁德區
大甲      
29
45
28
34
37
27
200
仁德區
仁和      
20
18
20
21
20
36
135
仁德區
仁德      
193
207
176
186
160
135
1057
仁德區
文賢      
15
12
14
19
21
20
101
仁德區
依仁      
11
9
17
14
9
16
76
仁德區
虎山      
24
22
32
14
24
15
131
仁德區
長興      
59
60
63
57
63
48
350
仁德區
德南      
131
132
126
113
111
92
705
六甲區
六甲      
118
108
118
144
162
123
773
六甲區
林鳳      
18
12
14
20
21
12
97
六甲區
湖東分校    
0
2
1
2
1
1
7
北門區
三慈      
9
7
7
6
12
10
51
北門區
文山      
5
3
4
3
6
5
26
北門區
北門      
5
4
4
3
7
3
26
北門區
玉湖分校    
4
2
2
2
2
3
15
北門區
蚵寮      
13
8
8
14
12
9
64
北門區
錦湖      
4
5
3
6
7
6
31
北門區
雙春      
4
1
7
6
6
4
28
北區
大光      
168
146
120
146
147
108
835
北區
大港      
107
120
96
103
111
97
634
北區
公園      
70
93
70
91
73
67
464
北區
文元      
405
401
394
405
417
387
2409
北區
立人      
160
161
180
187
193
165
1046
北區
開元      
123
149
122
125
135
78
732
北區
賢北      
119
164
167
160
167
149
926
北區
寶仁      
178
169
164
173
171
149
1004
左鎮區
左鎮      
8
7
8
5
7
8
43
左鎮區
光榮      
15
8
11
6
7
4
51
永康區
三村      
186
195
187
212
208
163
1151
永康區
大橋      
374
318
352
365
343
260
2012
永康區
大灣      
301
279
278
302
295
247
1702
永康區
五王      
167
161
142
183
152
126
931
永康區
永信      
322
361
329
348
390
289
2039
永康區
永康      
371
409
381
446
407
347
2361
永康區
永康勝利    
111
124
145
131
116
104
731
永康區
永康復興    
90
97
83
104
83
65
522
永康區
西勢      
79
92
72
69
69
47
428
永康區
崑山      
257
276
232
265
328
209
1567
永康區
龍潭      
129
120
123
121
130
89
712
玉井區
玉井      
72
61
69
71
63
62
398
玉井區
層林      
7
10
8
11
7
11
54
白河區
大竹      
6
10
4
12
7
3
42
白河區
內角      
6
9
2
3
10
5
35
白河區
六溪分校    
1
1
0
2
3
2
9
白河區
仙草      
8
6
7
8
7
2
38
白河區
玉豐      
14
18
17
18
19
17
103
白河區
白河      
91
74
74
97
100
84
520
白河區
竹門      
9
14
17
9
8
12
69
白河區
河東      
6
9
4
8
7
1
35
白河區
關嶺分校    
1
4
1
1
2
5
14
安平區
石門      
69
71
64
60
83
70
417
安平區
安平      
183
184
162
209
197
191
1126
安平區
西門      
46
48
73
53
57
50
327
安平區
慈濟      
98
114
109
110
110
85
626
安平區
新南      
108
112
107
110
108
113
658
安平區
漁光分校    
13
16
9
11
6
13
68
安平區
億載      
309
324
279
363
318
272
1865
安定區
安定      
69
58
68
67
65
58
385
安定區
安定南興    
55
58
45
61
55
30
304
安定區
南安      
84
75
71
92
83
73
478
安南區
九份子     
201
142
104
110
74
50
681
安南區
土城      
56
71
55
49
55
37
323
安南區
安佃      
63
52
51
53
51
44
314
安南區
安順      
286
285
240
244
287
203
1545
安南區
安慶      
213
238
222
236
221
182
1312
安南區
和順      
236
260
230
244
254
210
1434
安南區
長安      
81
76
68
63
76
62
426
安南區
青草      
14
16
12
19
11
11
83
安南區
南興      
19
19
13
23
12
14
100
安南區
海佃      
310
312
340
338
370
326
1996
安南區
海東      
341
400
349
385
440
334
2249
安南區
學東      
11
13
11
14
13
10
72
安南區
鎮海      
12
13
14
14
16
13
82
安南區
顯宮      
7
10
7
11
9
8
52
西港區
西港      
112
116
90
95
99
86
598
西港區
西港成功    
24
22
24
25
29
21
145
西港區
松林      
26
10
24
21
19
18
118
西港區
金砂分校    
0
1
1
2
3
2
9
西港區
後營      
25
10
16
17
19
10
97
西港區
港東      
20
20
21
21
22
15
119
佳里區
子龍      
31
29
23
28
24
19
154
佳里區
仁愛      
125
116
112
101
98
95
647
佳里區
佳里      
216
205
194
230
238
184
1267
佳里區
佳興      
30
23
24
27
32
24
160
佳里區
延平      
14
14
17
16
18
17
96
佳里區
信義      
79
92
71
98
88
50
478
佳里區
通興      
5
12
7
6
6
7
43
佳里區
塭內      
15
14
19
24
11
12
95
官田區
官田      
28
37
35
46
37
32
215
官田區
渡拔      
9
11
10
15
17
9
71
官田區
隆田      
71
59
67
55
60
39
351
官田區
嘉南      
12
16
18
14
14
18
92
東山區
吉貝耍     
2
4
5
8
4
5
28
東山區
東山      
50
39
42
42
55
34
262
東山區
東原      
11
9
11
16
13
10
70
東山區
青山      
11
11
13
8
11
16
70
東山區
聖賢      
10
8
3
9
7
7
44
東區
大同      
58
52
54
58
66
44
332
東區
東光      
231
188
184
216
219
215
1253
東區
崇明      
395
354
299
403
382
297
2130
東區
崇學      
270
288
262
285
324
260
1689
東區
勝利      
302
295
261
252
248
238
1596
東區
博愛      
41
56
47
67
58
59
328
東區
復興      
372
404
350
373
403
365
2267
東區
裕文      
163
169
169
171
208
173
1053
東區
德高      
141
144
133
150
128
99
795
南化區
北寮      
9
13
6
5
5
9
47
南化區
玉山      
2
2
1
5
3
4
17
南化區
西埔      
2
4
3
6
4
3
22
南化區
南化      
10
16
11
15
7
11
70
南化區
瑞峰      
3
1
4
3
0
1
12
南區
日新      
135
147
113
132
115
125
767
南區
永華      
131
139
119
164
161
134
848
南區
志開      
33
32
28
25
40
18
176
南區
省躬      
99
109
92
101
110
92
603
南區
喜樹      
65
67
49
69
66
54
370
南區
新興      
139
130
131
135
122
99
756
南區
龍崗      
13
19
15
10
21
10
88
後壁區
永安      
18
10
10
16
21
9
84
後壁區
安溪      
6
9
11
13
12
12
63
後壁區
後壁      
36
39
31
35
41
29
211
後壁區
菁寮      
7
6
10
5
8
3
39
後壁區
新東      
12
16
14
16
15
16
89
後壁區
新嘉      
2
3
8
3
8
1
25
後壁區
樹人      
5
7
13
12
12
11
60
柳營區
太康      
8
11
6
15
15
19
74
柳營區
果毅      
22
9
15
14
17
8
85
柳營區
柳營      
37
41
46
42
53
43
262
柳營區
重溪      
17
14
13
8
12
13
77
柳營區
新山      
9
10
7
7
10
6
49
將軍區
長平      
7
7
6
9
9
7
45
將軍區
苓和      
11
11
12
15
18
9
76
將軍區
將軍      
4
6
6
4
10
7
37
將軍區
漚汪      
43
39
41
48
34
34
239
將軍區
鯤鯓      
9
11
11
9
8
6
54
麻豆區
大山      
21
15
21
16
16
8
97
麻豆區
文正      
12
17
10
18
13
6
76
麻豆區
北勢      
12
16
19
16
17
11
91
麻豆區
安業      
17
19
15
21
26
27
125
麻豆區
紀安      
9
15
9
14
16
7
70
麻豆區
培文      
121
105
95
133
113
92
659
麻豆區
麻豆      
161
154
155
184
178
140
972
麻豆區
港尾      
4
8
8
6
8
4
38
善化區
大成      
259
231
233
226
249
189
1387
善化區
小新      
161
170
109
95
71
61
667
善化區
茄拔      
25
28
19
37
31
22
162
善化區
善化      
59
53
67
86
89
57
411
善化區
善化大同    
20
32
36
22
32
26
168
善化區
善糖      
14
13
9
16
10
18
80
善化區
陽明      
24
22
25
17
18
14
120
新化區
口埤      
16
16
13
20
19
18
102
新化區
大新      
73
68
52
58
59
35
345
新化區
正新      
97
90
105
100
103
84
579
新化區
那拔      
21
12
13
9
17
15
87
新化區
新化      
159
133
169
163
174
114
912
新市區
大社      
45
45
44
49
44
35
262
新市區
南科實小    
223
233
233
232
202
203
1326
新市區
新市      
296
278
288
290
310
218
1680
新營區
土庫      
10
5
7
7
8
12
49
新營區
公誠      
35
41
35
48
46
45
250
新營區
南梓      
47
42
43
37
28
26
223
新營區
新民      
141
146
138
125
124
115
789
新營區
新生      
4
4
4
9
7
7
35
新營區
新泰      
112
110
105
106
129
105
667
新營區
新進      
181
167
169
191
227
144
1079
新營區
新橋      
6
4
3
7
3
0
23
新營區
新營      
201
203
166
193
228
158
1149
新營區
新營新興    
18
15
21
15
20
12
101
楠西區
楠西      
30
33
37
32
54
39
225
學甲區
中洲      
18
11
12
16
13
15
85
學甲區
宅港      
7
9
16
9
15
9
65
學甲區
東陽      
78
64
63
68
80
63
416
學甲區
頂洲      
15
7
15
16
14
13
80
學甲區
學甲      
54
73
59
78
65
69
398
龍崎區
龍崎      
1
8
5
7
8
8
37
龍崎區
龍船分校    
4
4
3
2
2
1
16
歸仁區
大潭      
24
32
21
30
30
22
159
歸仁區
文化      
166
210
193
206
206
177
1158
歸仁區
保西      
30
38
38
36
40
30
212
歸仁區
紅瓦厝     
140
141
144
144
142
123
834
歸仁區
歸仁      
159
138
109
133
113
103
755
歸仁區
歸南      
92
127
121
100
103
74
617
關廟區
五甲      
121
129
125
120
116
85
696
關廟區
文和      
14
8
17
9
9
8
65
關廟區
保東      
17
10
13
10
11
9
70
關廟區
崇和      
4
3
8
10
4
5
34
關廟區
深坑      
6
10
9
15
10
9
59
關廟區
新光      
3
3
4
4
7
3
24
關廟區
關廟      
58
53
55
64
61
45
336
鹽水區
仁光      
7
8
7
9
8
6
45
鹽水區
文昌      
9
7
8
18
11
8
61
鹽水區
月津      
16
19
18
28
24
24
129
鹽水區
竹埔      
6
9
5
5
8
3
36
鹽水區
岸內      
14
22
19
16
12
6
89
鹽水區
歡雅      
12
13
9
14
8
15
71
鹽水區
鹽水      
65
88
73
80
90
88
484
鹽水區
坔頭港     
7
6
5
9
15
9
51
合計
 
16107
16336
15397
16610
16816
13706
 
