七股區
七股      
12
14
21
24
17
26
114
七股區
三股      
10
10
17
9
14
13
73
七股區
大文      
6
9
10
9
7
10
51
七股區
光復      
12
8
10
7
6
4
47
七股區
竹橋      
12
18
14
7
13
4
68
七股區
建功      
6
5
7
6
8
8
40
七股區
後港      
15
7
10
11
12
8
63
七股區
樹林      
8
5
2
4
11
2
32
七股區
篤加      
6
11
16
15
13
15
76
七股區
龍山      
2
2
6
4
5
6
25
下營區
下營      
32
44
43
37
35
54
245
下營區
中營      
24
18
27
25
27
28
149
下營區
甲中      
15
16
8
12
15
6
72
下營區
東興      
59
65
67
78
77
73
419
下營區
賀建      
6
1
7
10
7
4
35
大內區
二溪      
7
6
9
11
7
11
51
大內區
大內      
26
14
30
18
24
32
144
大內區
頭社分校    
2
5
2
5
3
2
19
山上區
山上      
30
32
33
28
28
33
184
中西區
永福      
96
98
115
94
118
134
655
中西區
成功      
29
31
51
58
52
45
266
中西區
協進      
126
151
161
175
185
172
970
中西區
忠義      
127
142
129
140
143
143
824
中西區
南大附小    
168
167
162
166
164
164
991
中西區
進學      
136
152
183
158
172
134
935
仁德區
大甲      
29
28
43
27
34
37
198
仁德區
仁和      
16
17
16
19
20
20
108
仁德區
仁德      
164
190
204
169
185
155
1067
仁德區
文賢      
15
16
11
17
22
24
105
仁德區
依仁      
5
11
9
17
14
9
65
仁德區
虎山      
33
25
20
28
16
24
146
仁德區
長興      
55
59
66
51
56
62
349
仁德區
德南      
143
127
130
125
113
111
749
六甲區
六甲      
118
119
105
118
153
153
766
六甲區
林鳳      
17
17
11
16
19
20
100
六甲區
湖東分校    
0
0
2
1
2
1
6
北門區
三慈      
6
9
8
8
6
12
49
北門區
文山      
4
7
3
3
3
6
26
北門區
北門      
6
3
3
5
3
7
27
北門區
玉湖分校    
3
3
1
2
1
2
12
北門區
蚵寮      
8
13
9
8
14
12
64
北門區
錦湖      
3
5
5
3
6
7
29
北門區
雙春      
1
4
0
6
5
6
22
北區
大光      
146
165
140
115
163
128
857
北區
大港      
99
112
122
99
107
111
650
北區
公園      
60
67
94
69
93
71
454
北區
文元      
383
404
394
389
400
418
2388
北區
立人      
146
163
167
177
190
192
1035
北區
威爾森     
31
0
0
0
0
0
31
北區
開元      
124
123
148
117
121
131
764
北區
賢北      
115
122
162
163
161
169
892
北區
寶仁      
180
179
172
164
171
165
1031
左鎮區
左鎮      
12
8
8
7
5
5
45
左鎮區
光榮      
8
17
7
11
6
7
56
永康區
三村      
215
181
192
176
213
210
1187
永康區
大橋      
327
370
319
369
344
342
2071
永康區
大灣      
239
291
285
261
312
281
1669
永康區
五王      
126
166
155
148
183
153
931
永康區
永信      
298
322
362
330
345
388
2045
永康區
永康      
351
375
408
383
441
412
2370
永康區
永康勝利    
114
116
112
143
128
117
730
永康區
永康復興    
78
87
99
92
95
85
536
永康區
西勢      
80
80
88
72
67
68
455
永康區
崑山      
267
258
276
236
266
328
1631
永康區
龍潭      
114
124
118
122
124
130
732
玉井區
玉井      
76
73
61
69
76
63
418
玉井區
層林      
5
7
10
8
11
7
48
白河區
大竹      
7
6
10
4
10
7
44
白河區
內角      
10
6
7
2
4
9
38
白河區
六溪分校    
3
1
1
0
2
3
10
白河區
仙草      
9
8
8
7
8
7
47
白河區
玉豐      
14
14
18
16
16
19
97
白河區
白河      
85
82
72
73
97
99
508
白河區
竹門      
4
9
14
15
8
6
56
白河區
河東      
11
6
9
4
8
7
45
白河區
關嶺分校    
2
1
4
1
1
2
11
安平區
石門      
42
65
72
65
59
84
387
安平區
安平      
179
186
189
162
212
197
1125
安平區
西門      
46
41
46
65
52
57
307
安平區
慈濟      
134
97
116
112
112
107
678
安平區
新南      
112
108
109
110
108
107
654
安平區
漁光分校    
12
14
17
6
11
6
66
安平區
億載      
288
310
326
281
362
322
1889
安定區
安定      
63
67
53
68
64
64
379
安定區
安定南興    
51
53
56
45
62
55
322
安定區
南安      
102
84
75
70
93
80
504
安南區
九份子     
198
197
137
113
111
74
830
安南區
土城      
77
67
79
63
48
63
397
安南區
安佃      
52
64
54
53
53
52
328
安南區
安順      
240
289
281
246
243
290
1589
安南區
安慶      
221
216
243
229
232
228
1369
安南區
和順      
221
239
264
228
241
252
1445
安南區
長安      
60
83
79
67
63
76
428
安南區
青草      
7
14
15
12
19
11
78
安南區
南興      
16
18
19
12
22
10
97
安南區
海佃      
342
310
308
339
340
370
2009
安南區
海東      
343
341
395
340
383
438
2240
安南區
學東      
8
10
12
11
12
13
66
安南區
鎮海      
12
11
13
14
15
16
81
安南區
顯宮      
9
7
10
7
11
9
53
西港區
西港      
118
112
114
93
100
93
630
西港區
西港成功    
15
24
24
23
27
29
142
西港區
松林      
24
26
12
23
20
19
124
西港區
金砂分校    
1
0
1
1
2
3
8
西港區
後營      
9
25
10
16
17
22
99
西港區
港東      
19
21
21
21
21
22
125
佳里區
子龍      
22
30
29
21
28
24
154
佳里區
仁愛      
105
121
119
111
102
100
658
佳里區
佳里      
197
218
208
198
234
246
1301
佳里區
佳興      
22
29
22
23
27
33
156
佳里區
延平      
11
14
15
17
17
21
95
佳里區
信義      
70
76
92
69
96
87
490
佳里區
通興      
9
4
10
8
6
6
43
佳里區
塭內      
19
15
15
18
23
9
99
官田區
官田      
30
30
36
36
44
37
213
官田區
渡拔      
9
8
8
8
15
17
65
官田區
隆田      
77
69
60
66
59
60
391
官田區
嘉南      
8
12
17
18
15
14
84
東山區
吉貝耍     
5
2
3
5
6
4
25
東山區
東山      
39
49
41
44
43
55
271
東山區
東原      
8
11
9
11
16
13
68
東山區
青山      
13
12
12
12
8
12
69
東山區
聖賢      
2
10
9
2
9
7
39
東區
大同      
39
57
48
52
59
65
320
東區
東光      
178
225
184
186
221
222
1216
東區
崇明      
290
392
357
304
399
380
2122
東區
崇學      
252
273
297
278
291
324
1715
東區
勝利      
225
298
283
264
248
245
1563
東區
博愛      
41
39
49
47
58
61
295
東區
復興      
347
377
414
350
371
404
2263
東區
裕文      
173
162
176
169
174
211
1065
東區
德高      
114
140
132
130
147
128
791
南化區
北寮      
6
8
12
6
4
5
41
南化區
玉山      
2
2
2
1
5
3
15
南化區
西埔      
1
2
4
3
6
4
20
南化區
南化      
8
10
15
10
13
7
63
南化區
瑞峰      
1
2
1
4
3
0
11
南區
日新      
107
138
148
113
133
113
752
南區
永華      
112
127
139
118
163
160
819
南區
志開      
24
31
32
27
22
40
176
南區
省躬      
112
99
110
97
103
114
635
南區
喜樹      
60
63
65
47
70
66
371
南區
新興      
109
135
122
126
129
123
744
南區
龍崗      
13
14
19
14
9
18
87
後壁區
永安      
13
18
10
9
16
21
87
後壁區
安溪      
11
7
9
12
12
11
62
後壁區
後壁      
43
35
39
31
35
39
222
後壁區
菁寮      
7
7
6
10
5
9
44
後壁區
新東      
11
15
15
12
16
16
85
後壁區
新嘉      
3
2
3
7
3
8
26
後壁區
樹人      
6
5
7
13
12
13
56
柳營區
太康      
17
8
10
6
15
16
72
柳營區
果毅      
18
23
12
16
14
16
99
柳營區
柳營      
51
37
40
45
42
52
267
柳營區
重溪      
13
17
14
17
8
12
81
柳營區
新山      
2
8
6
5
7
10
38
將軍區
長平      
3
6
6
6
9
8
38
將軍區
苓和      
11
11
11
13
15
18
79
將軍區
將軍      
3
4
6
6
5
10
34
將軍區
漚汪      
38
42
39
40
48
34
241
將軍區
鯤鯓      
9
7
11
11
9
8
55
麻豆區
大山      
16
20
12
20
17
16
101
麻豆區
文正      
13
12
17
11
17
13
83
麻豆區
北勢      
20
12
15
18
17
16
98
麻豆區
安業      
11
15
18
13
20
26
103
麻豆區
紀安      
7
10
14
8
13
16
68
麻豆區
培文      
112
124
106
110
124
113
689
麻豆區
麻豆      
154
161
159
156
184
178
992
麻豆區
港尾      
7
3
8
9
6
8
41
善化區
大成      
199
260
230
226
225
245
1385
善化區
小新      
16
5
10
9
8
9
57
善化區
茄拔      
30
25
30
21
35
30
171
善化區
善化      
37
50
63
50
84
90
374
善化區
善化大同    
30
20
29
36
25
30
170
善化區
善糖      
12
14
12
8
14
10
70
善化區
陽明      
28
26
23
23
18
18
136
善化區
蓮潭      
152
153
167
105
87
62
726
新化區
口埤      
13
16
12
14
20
18
93
新化區
大新      
63
73
66
50
58
60
370
新化區
正新      
92
97
92
104
99
105
589
新化區
那拔      
11
21
14
14
10
18
88
新化區
新化      
152
160
137
169
177
171
966
新市區
大社      
51
46
45
42
48
45
277
新市區
南科實小    
231
227
233
232
230
203
1356
新市區
新市      
263
295
289
278
289
308
1722
新營區
土庫      
6
11
6
7
8
9
47
新營區
公誠      
35
35
40
34
45
47
236
新營區
南梓      
47
49
44
47
38
28
253
新營區
新民      
146
145
147
133
131
116
818
新營區
新生      
8
4
7
4
8
7
38
新營區
新泰      
123
114
106
109
109
131
692
新營區
新進      
155
182
179
164
196
229
1105
新營區
新橋      
4
6
3
3
8
3
27
新營區
新營      
178
202
217
169
196
226
1188
新營區
新營新興    
11
18
12
21
13
21
96
楠西區
楠西      
33
29
32
36
32
57
219
學甲區
中洲      
12
14
11
12
16
13
78
學甲區
宅港      
7
7
9
17
9
15
64
學甲區
東陽      
60
83
66
65
69
80
423
學甲區
頂洲      
10
14
7
13
17
14
75
學甲區
學甲      
46
57
75
64
73
65
380
龍崎區
龍崎      
4
2
5
6
7
6
30
龍崎區
龍船分校    
0
3
1
3
0
2
9
歸仁區
大潭      
29
23
35
23
29
30
169
歸仁區
文化      
180
165
211
196
209
208
1169
歸仁區
保西      
26
29
38
38
36
41
208
歸仁區
紅瓦厝     
134
139
137
141
143
141
835
歸仁區
歸仁      
130
160
146
115
138
123
812
歸仁區
歸南      
98
91
133
113
97
102
634
關廟區
五甲      
85
120
131
132
114
114
696
關廟區
文和      
15
15
8
16
9
9
72
關廟區
保東      
9
17
12
14
9
11
72
關廟區
崇和      
4
4
1
8
10
4
31
關廟區
深坑      
11
5
9
7
14
10
56
關廟區
新光      
4
3
2
3
4
6
22
關廟區
關廟      
95
58
58
58
67
63
399
鹽水區
仁光      
10
7
9
7
9
8
50
鹽水區
文昌      
12
9
6
8
18
11
64
鹽水區
月津      
19
15
17
18
29
25
123
鹽水區
竹埔      
3
6
11
7
5
8
40
鹽水區
岸內      
19
15
21
18
15
12
100
鹽水區
歡雅      
11
13
12
8
13
8
65
鹽水區
鹽水      
74
65
93
73
78
87
470
鹽水區
坔頭港     
19
7
6
5
9
15
61
合計
 
15069
16068
16400
15384
16628
16760
96309
